{
 "cells": [
  {
   "cell_type": "markdown",
   "id": "68c036c5",
   "metadata": {},
   "source": [
    "![alt text](https://upload.wikimedia.org/wikipedia/commons/2/26/Spotify_logo_with_text.svg) "
   ]
  },
  {
   "cell_type": "markdown",
   "id": "3f2267bc",
   "metadata": {},
   "source": [
    "# Analysis of top 2000 Songs (2000-2019) via Spotify dataset\n",
    "- Data Distribution \n",
    "- Top charts/artists comparison\n",
    "- Dynamic/Interactive Visualization\n",
    "- Data Correlation\n"
   ]
  },
  {
   "cell_type": "markdown",
   "id": "4d48891a",
   "metadata": {},
   "source": [
    "### Questions I wanted to answer: \n",
    "- Top 25 tracks based on given features? (popularity and danceability were the ones I was most intrigued by)\n",
    "- Top artists based on popularity? \n",
    "- Correlation between: \n",
    "    - Danceability score and Popularity score?\n",
    "    - Energy score and Danceability score?\n",
    "    - Energy score and Loudness score?\n",
    "- Most popular Genres? "
   ]
  },
  {
   "cell_type": "markdown",
   "id": "d0ca0c3a",
   "metadata": {},
   "source": [
    "### Visualizations used:\n",
    "- correlation matrix\n",
    "- feature distribution\n",
    "- trend-line \n",
    "- Treemap\n",
    "- Boxplot \n",
    "- Scatter plot\n",
    "- Barchart"
   ]
  },
  {
   "cell_type": "markdown",
   "id": "b870a7aa",
   "metadata": {},
   "source": [
    "## Download relevant libraries"
   ]
  },
  {
   "cell_type": "code",
   "execution_count": 134,
   "id": "a83a278d",
   "metadata": {},
   "outputs": [
    {
     "data": {
      "text/html": [
       "        <script type=\"text/javascript\">\n",
       "        window.PlotlyConfig = {MathJaxConfig: 'local'};\n",
       "        if (window.MathJax && window.MathJax.Hub && window.MathJax.Hub.Config) {window.MathJax.Hub.Config({SVG: {font: \"STIX-Web\"}});}\n",
       "        if (typeof require !== 'undefined') {\n",
       "        require.undef(\"plotly\");\n",
       "        requirejs.config({\n",
       "            paths: {\n",
       "                'plotly': ['https://cdn.plot.ly/plotly-2.12.1.min']\n",
       "            }\n",
       "        });\n",
       "        require(['plotly'], function(Plotly) {\n",
       "            window._Plotly = Plotly;\n",
       "        });\n",
       "        }\n",
       "        </script>\n",
       "        "
      ]
     },
     "metadata": {},
     "output_type": "display_data"
    }
   ],
   "source": [
    "import pandas as pd\n",
    "import numpy as np\n",
    "import matplotlib.pyplot as plt\n",
    "import plotly.express as px\n",
    "import plotly.graph_objects as go\n",
    "from plotly.subplots import make_subplots\n",
    "from plotly.offline import init_notebook_mode\n",
    "import seaborn as sns\n",
    "import datetime as dt\n",
    "import warnings\n",
    "warnings.filterwarnings('ignore')\n",
    "pd.set_option('display.max_columns',None)\n",
    "init_notebook_mode(connected=True) #enable Plotly charts to be displayed in Jupyter notebook"
   ]
  },
  {
   "cell_type": "markdown",
   "id": "cbe1a47e",
   "metadata": {},
   "source": [
    "## Dataframe"
   ]
  },
  {
   "cell_type": "code",
   "execution_count": 45,
   "id": "faca654e",
   "metadata": {},
   "outputs": [
    {
     "data": {
      "text/html": [
       "<div>\n",
       "<style scoped>\n",
       "    .dataframe tbody tr th:only-of-type {\n",
       "        vertical-align: middle;\n",
       "    }\n",
       "\n",
       "    .dataframe tbody tr th {\n",
       "        vertical-align: top;\n",
       "    }\n",
       "\n",
       "    .dataframe thead th {\n",
       "        text-align: right;\n",
       "    }\n",
       "</style>\n",
       "<table border=\"1\" class=\"dataframe\">\n",
       "  <thead>\n",
       "    <tr style=\"text-align: right;\">\n",
       "      <th></th>\n",
       "      <th>artist</th>\n",
       "      <th>song</th>\n",
       "      <th>duration_ms</th>\n",
       "      <th>explicit</th>\n",
       "      <th>year</th>\n",
       "      <th>popularity</th>\n",
       "      <th>danceability</th>\n",
       "      <th>energy</th>\n",
       "      <th>key</th>\n",
       "      <th>loudness</th>\n",
       "      <th>mode</th>\n",
       "      <th>speechiness</th>\n",
       "      <th>acousticness</th>\n",
       "      <th>instrumentalness</th>\n",
       "      <th>liveness</th>\n",
       "      <th>valence</th>\n",
       "      <th>tempo</th>\n",
       "      <th>genre</th>\n",
       "    </tr>\n",
       "  </thead>\n",
       "  <tbody>\n",
       "    <tr>\n",
       "      <th>0</th>\n",
       "      <td>Britney Spears</td>\n",
       "      <td>Oops!...I Did It Again</td>\n",
       "      <td>211160</td>\n",
       "      <td>False</td>\n",
       "      <td>2000</td>\n",
       "      <td>77</td>\n",
       "      <td>0.751</td>\n",
       "      <td>0.834</td>\n",
       "      <td>1</td>\n",
       "      <td>-5.444</td>\n",
       "      <td>0</td>\n",
       "      <td>0.0437</td>\n",
       "      <td>0.3000</td>\n",
       "      <td>0.000018</td>\n",
       "      <td>0.3550</td>\n",
       "      <td>0.894</td>\n",
       "      <td>95.053</td>\n",
       "      <td>pop</td>\n",
       "    </tr>\n",
       "    <tr>\n",
       "      <th>1</th>\n",
       "      <td>blink-182</td>\n",
       "      <td>All The Small Things</td>\n",
       "      <td>167066</td>\n",
       "      <td>False</td>\n",
       "      <td>1999</td>\n",
       "      <td>79</td>\n",
       "      <td>0.434</td>\n",
       "      <td>0.897</td>\n",
       "      <td>0</td>\n",
       "      <td>-4.918</td>\n",
       "      <td>1</td>\n",
       "      <td>0.0488</td>\n",
       "      <td>0.0103</td>\n",
       "      <td>0.000000</td>\n",
       "      <td>0.6120</td>\n",
       "      <td>0.684</td>\n",
       "      <td>148.726</td>\n",
       "      <td>rock, pop</td>\n",
       "    </tr>\n",
       "    <tr>\n",
       "      <th>2</th>\n",
       "      <td>Faith Hill</td>\n",
       "      <td>Breathe</td>\n",
       "      <td>250546</td>\n",
       "      <td>False</td>\n",
       "      <td>1999</td>\n",
       "      <td>66</td>\n",
       "      <td>0.529</td>\n",
       "      <td>0.496</td>\n",
       "      <td>7</td>\n",
       "      <td>-9.007</td>\n",
       "      <td>1</td>\n",
       "      <td>0.0290</td>\n",
       "      <td>0.1730</td>\n",
       "      <td>0.000000</td>\n",
       "      <td>0.2510</td>\n",
       "      <td>0.278</td>\n",
       "      <td>136.859</td>\n",
       "      <td>pop, country</td>\n",
       "    </tr>\n",
       "    <tr>\n",
       "      <th>3</th>\n",
       "      <td>Bon Jovi</td>\n",
       "      <td>It's My Life</td>\n",
       "      <td>224493</td>\n",
       "      <td>False</td>\n",
       "      <td>2000</td>\n",
       "      <td>78</td>\n",
       "      <td>0.551</td>\n",
       "      <td>0.913</td>\n",
       "      <td>0</td>\n",
       "      <td>-4.063</td>\n",
       "      <td>0</td>\n",
       "      <td>0.0466</td>\n",
       "      <td>0.0263</td>\n",
       "      <td>0.000013</td>\n",
       "      <td>0.3470</td>\n",
       "      <td>0.544</td>\n",
       "      <td>119.992</td>\n",
       "      <td>rock, metal</td>\n",
       "    </tr>\n",
       "    <tr>\n",
       "      <th>4</th>\n",
       "      <td>*NSYNC</td>\n",
       "      <td>Bye Bye Bye</td>\n",
       "      <td>200560</td>\n",
       "      <td>False</td>\n",
       "      <td>2000</td>\n",
       "      <td>65</td>\n",
       "      <td>0.614</td>\n",
       "      <td>0.928</td>\n",
       "      <td>8</td>\n",
       "      <td>-4.806</td>\n",
       "      <td>0</td>\n",
       "      <td>0.0516</td>\n",
       "      <td>0.0408</td>\n",
       "      <td>0.001040</td>\n",
       "      <td>0.0845</td>\n",
       "      <td>0.879</td>\n",
       "      <td>172.656</td>\n",
       "      <td>pop</td>\n",
       "    </tr>\n",
       "  </tbody>\n",
       "</table>\n",
       "</div>"
      ],
      "text/plain": [
       "           artist                    song  duration_ms  explicit  year  \\\n",
       "0  Britney Spears  Oops!...I Did It Again       211160     False  2000   \n",
       "1       blink-182    All The Small Things       167066     False  1999   \n",
       "2      Faith Hill                 Breathe       250546     False  1999   \n",
       "3        Bon Jovi            It's My Life       224493     False  2000   \n",
       "4          *NSYNC             Bye Bye Bye       200560     False  2000   \n",
       "\n",
       "   popularity  danceability  energy  key  loudness  mode  speechiness  \\\n",
       "0          77         0.751   0.834    1    -5.444     0       0.0437   \n",
       "1          79         0.434   0.897    0    -4.918     1       0.0488   \n",
       "2          66         0.529   0.496    7    -9.007     1       0.0290   \n",
       "3          78         0.551   0.913    0    -4.063     0       0.0466   \n",
       "4          65         0.614   0.928    8    -4.806     0       0.0516   \n",
       "\n",
       "   acousticness  instrumentalness  liveness  valence    tempo         genre  \n",
       "0        0.3000          0.000018    0.3550    0.894   95.053           pop  \n",
       "1        0.0103          0.000000    0.6120    0.684  148.726     rock, pop  \n",
       "2        0.1730          0.000000    0.2510    0.278  136.859  pop, country  \n",
       "3        0.0263          0.000013    0.3470    0.544  119.992   rock, metal  \n",
       "4        0.0408          0.001040    0.0845    0.879  172.656           pop  "
      ]
     },
     "execution_count": 45,
     "metadata": {},
     "output_type": "execute_result"
    }
   ],
   "source": [
    "df = pd.read_csv(\"/Users/Mirzafamily/Downloads/k_spotify.csv\")\n",
    "df.head()"
   ]
  },
  {
   "cell_type": "code",
   "execution_count": 9,
   "id": "955cb310",
   "metadata": {
    "scrolled": true
   },
   "outputs": [
    {
     "name": "stdout",
     "output_type": "stream",
     "text": [
      "<class 'pandas.core.frame.DataFrame'>\n",
      "RangeIndex: 2000 entries, 0 to 1999\n",
      "Data columns (total 18 columns):\n",
      " #   Column            Non-Null Count  Dtype  \n",
      "---  ------            --------------  -----  \n",
      " 0   artist            2000 non-null   object \n",
      " 1   song              2000 non-null   object \n",
      " 2   duration_ms       2000 non-null   int64  \n",
      " 3   explicit          2000 non-null   bool   \n",
      " 4   year              2000 non-null   int64  \n",
      " 5   popularity        2000 non-null   int64  \n",
      " 6   danceability      2000 non-null   float64\n",
      " 7   energy            2000 non-null   float64\n",
      " 8   key               2000 non-null   int64  \n",
      " 9   loudness          2000 non-null   float64\n",
      " 10  mode              2000 non-null   int64  \n",
      " 11  speechiness       2000 non-null   float64\n",
      " 12  acousticness      2000 non-null   float64\n",
      " 13  instrumentalness  2000 non-null   float64\n",
      " 14  liveness          2000 non-null   float64\n",
      " 15  valence           2000 non-null   float64\n",
      " 16  tempo             2000 non-null   float64\n",
      " 17  genre             2000 non-null   object \n",
      "dtypes: bool(1), float64(9), int64(5), object(3)\n",
      "memory usage: 267.7+ KB\n"
     ]
    }
   ],
   "source": [
    "df.info()"
   ]
  },
  {
   "cell_type": "code",
   "execution_count": 4,
   "id": "db0f73e0",
   "metadata": {},
   "outputs": [],
   "source": [
    "df.drop_duplicates(inplace=True) #drop duplicates "
   ]
  },
  {
   "cell_type": "code",
   "execution_count": 5,
   "id": "1c63f981",
   "metadata": {},
   "outputs": [
    {
     "data": {
      "text/html": [
       "<div>\n",
       "<style scoped>\n",
       "    .dataframe tbody tr th:only-of-type {\n",
       "        vertical-align: middle;\n",
       "    }\n",
       "\n",
       "    .dataframe tbody tr th {\n",
       "        vertical-align: top;\n",
       "    }\n",
       "\n",
       "    .dataframe thead th {\n",
       "        text-align: right;\n",
       "    }\n",
       "</style>\n",
       "<table border=\"1\" class=\"dataframe\">\n",
       "  <thead>\n",
       "    <tr style=\"text-align: right;\">\n",
       "      <th></th>\n",
       "      <th>duration_ms</th>\n",
       "      <th>year</th>\n",
       "      <th>popularity</th>\n",
       "      <th>danceability</th>\n",
       "      <th>energy</th>\n",
       "      <th>key</th>\n",
       "      <th>loudness</th>\n",
       "      <th>mode</th>\n",
       "      <th>speechiness</th>\n",
       "      <th>acousticness</th>\n",
       "      <th>instrumentalness</th>\n",
       "      <th>liveness</th>\n",
       "      <th>valence</th>\n",
       "      <th>tempo</th>\n",
       "    </tr>\n",
       "  </thead>\n",
       "  <tbody>\n",
       "    <tr>\n",
       "      <th>count</th>\n",
       "      <td>1941.000000</td>\n",
       "      <td>1941.000000</td>\n",
       "      <td>1941.000000</td>\n",
       "      <td>1941.000000</td>\n",
       "      <td>1941.000000</td>\n",
       "      <td>1941.000000</td>\n",
       "      <td>1941.000000</td>\n",
       "      <td>1941.000000</td>\n",
       "      <td>1941.000000</td>\n",
       "      <td>1941.000000</td>\n",
       "      <td>1941.000000</td>\n",
       "      <td>1941.000000</td>\n",
       "      <td>1941.000000</td>\n",
       "      <td>1941.000000</td>\n",
       "    </tr>\n",
       "    <tr>\n",
       "      <th>mean</th>\n",
       "      <td>228594.973725</td>\n",
       "      <td>2009.520350</td>\n",
       "      <td>59.633179</td>\n",
       "      <td>0.667814</td>\n",
       "      <td>0.721549</td>\n",
       "      <td>5.369397</td>\n",
       "      <td>-5.514082</td>\n",
       "      <td>0.553323</td>\n",
       "      <td>0.103783</td>\n",
       "      <td>0.128173</td>\n",
       "      <td>0.015372</td>\n",
       "      <td>0.181726</td>\n",
       "      <td>0.552966</td>\n",
       "      <td>120.158442</td>\n",
       "    </tr>\n",
       "    <tr>\n",
       "      <th>std</th>\n",
       "      <td>39249.796103</td>\n",
       "      <td>5.875532</td>\n",
       "      <td>21.501053</td>\n",
       "      <td>0.140608</td>\n",
       "      <td>0.152872</td>\n",
       "      <td>3.615270</td>\n",
       "      <td>1.938950</td>\n",
       "      <td>0.497277</td>\n",
       "      <td>0.096148</td>\n",
       "      <td>0.172584</td>\n",
       "      <td>0.088371</td>\n",
       "      <td>0.140910</td>\n",
       "      <td>0.220845</td>\n",
       "      <td>26.990475</td>\n",
       "    </tr>\n",
       "    <tr>\n",
       "      <th>min</th>\n",
       "      <td>113000.000000</td>\n",
       "      <td>1998.000000</td>\n",
       "      <td>0.000000</td>\n",
       "      <td>0.129000</td>\n",
       "      <td>0.054900</td>\n",
       "      <td>0.000000</td>\n",
       "      <td>-20.514000</td>\n",
       "      <td>0.000000</td>\n",
       "      <td>0.023200</td>\n",
       "      <td>0.000019</td>\n",
       "      <td>0.000000</td>\n",
       "      <td>0.021500</td>\n",
       "      <td>0.038100</td>\n",
       "      <td>60.019000</td>\n",
       "    </tr>\n",
       "    <tr>\n",
       "      <th>25%</th>\n",
       "      <td>203506.000000</td>\n",
       "      <td>2004.000000</td>\n",
       "      <td>56.000000</td>\n",
       "      <td>0.581000</td>\n",
       "      <td>0.624000</td>\n",
       "      <td>2.000000</td>\n",
       "      <td>-6.490000</td>\n",
       "      <td>0.000000</td>\n",
       "      <td>0.039700</td>\n",
       "      <td>0.013500</td>\n",
       "      <td>0.000000</td>\n",
       "      <td>0.088400</td>\n",
       "      <td>0.390000</td>\n",
       "      <td>98.986000</td>\n",
       "    </tr>\n",
       "    <tr>\n",
       "      <th>50%</th>\n",
       "      <td>223186.000000</td>\n",
       "      <td>2010.000000</td>\n",
       "      <td>65.000000</td>\n",
       "      <td>0.676000</td>\n",
       "      <td>0.739000</td>\n",
       "      <td>6.000000</td>\n",
       "      <td>-5.285000</td>\n",
       "      <td>1.000000</td>\n",
       "      <td>0.061000</td>\n",
       "      <td>0.055800</td>\n",
       "      <td>0.000000</td>\n",
       "      <td>0.124000</td>\n",
       "      <td>0.560000</td>\n",
       "      <td>120.028000</td>\n",
       "    </tr>\n",
       "    <tr>\n",
       "      <th>75%</th>\n",
       "      <td>247946.000000</td>\n",
       "      <td>2015.000000</td>\n",
       "      <td>73.000000</td>\n",
       "      <td>0.765000</td>\n",
       "      <td>0.840000</td>\n",
       "      <td>8.000000</td>\n",
       "      <td>-4.168000</td>\n",
       "      <td>1.000000</td>\n",
       "      <td>0.129000</td>\n",
       "      <td>0.176000</td>\n",
       "      <td>0.000069</td>\n",
       "      <td>0.242000</td>\n",
       "      <td>0.731000</td>\n",
       "      <td>134.199000</td>\n",
       "    </tr>\n",
       "    <tr>\n",
       "      <th>max</th>\n",
       "      <td>484146.000000</td>\n",
       "      <td>2020.000000</td>\n",
       "      <td>89.000000</td>\n",
       "      <td>0.975000</td>\n",
       "      <td>0.999000</td>\n",
       "      <td>11.000000</td>\n",
       "      <td>-0.276000</td>\n",
       "      <td>1.000000</td>\n",
       "      <td>0.576000</td>\n",
       "      <td>0.976000</td>\n",
       "      <td>0.985000</td>\n",
       "      <td>0.853000</td>\n",
       "      <td>0.973000</td>\n",
       "      <td>210.851000</td>\n",
       "    </tr>\n",
       "  </tbody>\n",
       "</table>\n",
       "</div>"
      ],
      "text/plain": [
       "         duration_ms         year   popularity  danceability       energy  \\\n",
       "count    1941.000000  1941.000000  1941.000000   1941.000000  1941.000000   \n",
       "mean   228594.973725  2009.520350    59.633179      0.667814     0.721549   \n",
       "std     39249.796103     5.875532    21.501053      0.140608     0.152872   \n",
       "min    113000.000000  1998.000000     0.000000      0.129000     0.054900   \n",
       "25%    203506.000000  2004.000000    56.000000      0.581000     0.624000   \n",
       "50%    223186.000000  2010.000000    65.000000      0.676000     0.739000   \n",
       "75%    247946.000000  2015.000000    73.000000      0.765000     0.840000   \n",
       "max    484146.000000  2020.000000    89.000000      0.975000     0.999000   \n",
       "\n",
       "               key     loudness         mode  speechiness  acousticness  \\\n",
       "count  1941.000000  1941.000000  1941.000000  1941.000000   1941.000000   \n",
       "mean      5.369397    -5.514082     0.553323     0.103783      0.128173   \n",
       "std       3.615270     1.938950     0.497277     0.096148      0.172584   \n",
       "min       0.000000   -20.514000     0.000000     0.023200      0.000019   \n",
       "25%       2.000000    -6.490000     0.000000     0.039700      0.013500   \n",
       "50%       6.000000    -5.285000     1.000000     0.061000      0.055800   \n",
       "75%       8.000000    -4.168000     1.000000     0.129000      0.176000   \n",
       "max      11.000000    -0.276000     1.000000     0.576000      0.976000   \n",
       "\n",
       "       instrumentalness     liveness      valence        tempo  \n",
       "count       1941.000000  1941.000000  1941.000000  1941.000000  \n",
       "mean           0.015372     0.181726     0.552966   120.158442  \n",
       "std            0.088371     0.140910     0.220845    26.990475  \n",
       "min            0.000000     0.021500     0.038100    60.019000  \n",
       "25%            0.000000     0.088400     0.390000    98.986000  \n",
       "50%            0.000000     0.124000     0.560000   120.028000  \n",
       "75%            0.000069     0.242000     0.731000   134.199000  \n",
       "max            0.985000     0.853000     0.973000   210.851000  "
      ]
     },
     "execution_count": 5,
     "metadata": {},
     "output_type": "execute_result"
    }
   ],
   "source": [
    "#general\n",
    "df.describe()"
   ]
  },
  {
   "cell_type": "markdown",
   "id": "35ed37ca",
   "metadata": {},
   "source": [
    "## Correlation Matrix Plot"
   ]
  },
  {
   "cell_type": "code",
   "execution_count": 146,
   "id": "75e9d68a",
   "metadata": {},
   "outputs": [
    {
     "data": {
      "application/vnd.plotly.v1+json": {
       "config": {
        "plotlyServerURL": "https://plot.ly"
       },
       "data": [
        {
         "coloraxis": "coloraxis",
         "hovertemplate": "x: %{x}<br>y: %{y}<br>color: %{z}<extra></extra>",
         "name": "0",
         "texttemplate": "%{z}",
         "type": "heatmap",
         "x": [
          "duration_ms",
          "explicit",
          "year",
          "popularity",
          "danceability",
          "energy",
          "key",
          "loudness",
          "mode",
          "speechiness",
          "acousticness",
          "instrumentalness",
          "liveness",
          "valence",
          "tempo"
         ],
         "xaxis": "x",
         "y": [
          "duration_ms",
          "explicit",
          "year",
          "popularity",
          "danceability",
          "energy",
          "key",
          "loudness",
          "mode",
          "speechiness",
          "acousticness",
          "instrumentalness",
          "liveness",
          "valence",
          "tempo"
         ],
         "yaxis": "y",
         "z": [
          [
           1,
           0.12359541973179905,
           -0.3165341070413583,
           0.05061721936219014,
           -0.06005683140058493,
           -0.07876306899155178,
           -0.0025602319390900775,
           -0.0799118246537145,
           -0.0038478282646336355,
           0.06699755960123432,
           0.010923426506217712,
           -0.004207880009808812,
           0.024940764606718152,
           -0.11686984232550947,
           -0.028602812862289956
          ],
          [
           0.12359541973179905,
           1,
           0.07847669779107719,
           0.04660480058989169,
           0.248845210097113,
           -0.16246161508956675,
           0.0033201602258724665,
           -0.08982919410510833,
           0.04957552948635861,
           0.4173426847424536,
           -0.03352250709085143,
           -0.08252242292359428,
           0.00888417575884434,
           -0.045455170550954584,
           0.013221400117372757
          ],
          [
           -0.3165341070413583,
           0.07847669779107719,
           1,
           -0.003825248617931879,
           0.03353246302645419,
           -0.10864435229854348,
           0.007380354453249978,
           0.017479208528073584,
           -0.007357771474091827,
           0.001110708242177516,
           0.03380854683139354,
           -0.05026516576357819,
           -0.027036900827893152,
           -0.2093645354709059,
           0.07686651216787824
          ],
          [
           0.05061721936219014,
           0.04660480058989169,
           -0.003825248617931879,
           1,
           -0.0035457302658118447,
           -0.014021252219925147,
           0.014822715283122467,
           0.030632316459533623,
           -0.021353360521410264,
           0.021162352578132707,
           0.02461916786687539,
           -0.048059226343097776,
           -0.009855756645634697,
           -0.0161420576964459,
           0.014288465250509554
          ],
          [
           -0.06005683140058493,
           0.248845210097113,
           0.03353246302645419,
           -0.0035457302658118447,
           1,
           -0.10403836408435768,
           0.03273145656468868,
           -0.033314857853920826,
           -0.06752847463575222,
           0.14558968510214185,
           -0.06542889291330506,
           0.023207307550550362,
           -0.12641287218378688,
           0.4031776456320257,
           -0.17341799009896666
          ],
          [
           -0.07876306899155178,
           -0.16246161508956675,
           -0.10864435229854348,
           -0.014021252219925147,
           -0.10403836408435768,
           1,
           -0.003445684988663744,
           0.6510155228369123,
           -0.04065102769035653,
           -0.057018192326091,
           -0.4454685177458764,
           0.03786112054125106,
           0.1567607130185926,
           0.3344744311237133,
           0.15371909323119246
          ],
          [
           -0.0025602319390900775,
           0.0033201602258724665,
           0.007380354453249978,
           0.014822715283122467,
           0.03273145656468868,
           -0.003445684988663744,
           1,
           -0.007474390215786262,
           -0.15318223864012215,
           0.0071470414849627364,
           0.002365349131146375,
           -0.00817322219421614,
           -0.0330708418320495,
           0.03697702232187259,
           -0.0014306930809000408
          ],
          [
           -0.0799118246537145,
           -0.08982919410510833,
           0.017479208528073584,
           0.030632316459533623,
           -0.033314857853920826,
           0.6510155228369123,
           -0.007474390215786262,
           1,
           -0.02813256286215481,
           -0.07638818594253734,
           -0.31003917979203194,
           -0.10492464530051707,
           0.10215898282361541,
           0.23215044684562655,
           0.08070880365167621
          ],
          [
           -0.0038478282646336355,
           0.04957552948635861,
           -0.007357771474091827,
           -0.021353360521410264,
           -0.06752847463575222,
           -0.04065102769035653,
           -0.15318223864012215,
           -0.02813256286215481,
           1,
           -7.683284985972388e-05,
           0.0057444751571115,
           -0.03861291141466349,
           0.025438707128882812,
           -0.07468090067440002,
           0.04843436858140938
          ],
          [
           0.06699755960123432,
           0.4173426847424536,
           0.001110708242177516,
           0.021162352578132707,
           0.14558968510214185,
           -0.057018192326091,
           0.0071470414849627364,
           -0.07638818594253734,
           -7.683284985972388e-05,
           1,
           0.00039415948364076035,
           -0.06295384462837199,
           0.06117213765983569,
           0.07360500309935258,
           0.05774747090705519
          ],
          [
           0.010923426506217712,
           -0.03352250709085143,
           0.03380854683139354,
           0.02461916786687539,
           -0.06542889291330506,
           -0.4454685177458764,
           0.002365349131146375,
           -0.31003917979203194,
           0.0057444751571115,
           0.00039415948364076035,
           1,
           -0.0052144201526437,
           -0.11004305622989574,
           -0.12812788575272308,
           -0.10365999087610468
          ],
          [
           -0.004207880009808812,
           -0.08252242292359428,
           -0.05026516576357819,
           -0.048059226343097776,
           0.023207307550550362,
           0.03786112054125106,
           -0.00817322219421614,
           -0.10492464530051707,
           -0.03861291141466349,
           -0.06295384462837199,
           -0.0052144201526437,
           1,
           -0.034896541970657065,
           -0.015191503816873305,
           0.03460753823633804
          ],
          [
           0.024940764606718152,
           0.00888417575884434,
           -0.027036900827893152,
           -0.009855756645634697,
           -0.12641287218378688,
           0.1567607130185926,
           -0.0330708418320495,
           0.10215898282361541,
           0.025438707128882812,
           0.06117213765983569,
           -0.11004305622989574,
           -0.034896541970657065,
           1,
           0.019039630785559186,
           0.02863569277397525
          ],
          [
           -0.11686984232550947,
           -0.045455170550954584,
           -0.2093645354709059,
           -0.0161420576964459,
           0.4031776456320257,
           0.3344744311237133,
           0.03697702232187259,
           0.23215044684562655,
           -0.07468090067440002,
           0.07360500309935258,
           -0.12812788575272308,
           -0.015191503816873305,
           0.019039630785559186,
           1,
           -0.0250758258211478
          ],
          [
           -0.028602812862289956,
           0.013221400117372757,
           0.07686651216787824,
           0.014288465250509554,
           -0.17341799009896666,
           0.15371909323119246,
           -0.0014306930809000408,
           0.08070880365167621,
           0.04843436858140938,
           0.05774747090705519,
           -0.10365999087610468,
           0.03460753823633804,
           0.02863569277397525,
           -0.0250758258211478,
           1
          ]
         ]
        }
       ],
       "layout": {
        "coloraxis": {
         "colorscale": [
          [
           0,
           "rgb(247,251,255)"
          ],
          [
           0.125,
           "rgb(222,235,247)"
          ],
          [
           0.25,
           "rgb(198,219,239)"
          ],
          [
           0.375,
           "rgb(158,202,225)"
          ],
          [
           0.5,
           "rgb(107,174,214)"
          ],
          [
           0.625,
           "rgb(66,146,198)"
          ],
          [
           0.75,
           "rgb(33,113,181)"
          ],
          [
           0.875,
           "rgb(8,81,156)"
          ],
          [
           1,
           "rgb(8,48,107)"
          ]
         ]
        },
        "height": 800,
        "template": {
         "data": {
          "bar": [
           {
            "error_x": {
             "color": "#2a3f5f"
            },
            "error_y": {
             "color": "#2a3f5f"
            },
            "marker": {
             "line": {
              "color": "#E5ECF6",
              "width": 0.5
             },
             "pattern": {
              "fillmode": "overlay",
              "size": 10,
              "solidity": 0.2
             }
            },
            "type": "bar"
           }
          ],
          "barpolar": [
           {
            "marker": {
             "line": {
              "color": "#E5ECF6",
              "width": 0.5
             },
             "pattern": {
              "fillmode": "overlay",
              "size": 10,
              "solidity": 0.2
             }
            },
            "type": "barpolar"
           }
          ],
          "carpet": [
           {
            "aaxis": {
             "endlinecolor": "#2a3f5f",
             "gridcolor": "white",
             "linecolor": "white",
             "minorgridcolor": "white",
             "startlinecolor": "#2a3f5f"
            },
            "baxis": {
             "endlinecolor": "#2a3f5f",
             "gridcolor": "white",
             "linecolor": "white",
             "minorgridcolor": "white",
             "startlinecolor": "#2a3f5f"
            },
            "type": "carpet"
           }
          ],
          "choropleth": [
           {
            "colorbar": {
             "outlinewidth": 0,
             "ticks": ""
            },
            "type": "choropleth"
           }
          ],
          "contour": [
           {
            "colorbar": {
             "outlinewidth": 0,
             "ticks": ""
            },
            "colorscale": [
             [
              0,
              "#0d0887"
             ],
             [
              0.1111111111111111,
              "#46039f"
             ],
             [
              0.2222222222222222,
              "#7201a8"
             ],
             [
              0.3333333333333333,
              "#9c179e"
             ],
             [
              0.4444444444444444,
              "#bd3786"
             ],
             [
              0.5555555555555556,
              "#d8576b"
             ],
             [
              0.6666666666666666,
              "#ed7953"
             ],
             [
              0.7777777777777778,
              "#fb9f3a"
             ],
             [
              0.8888888888888888,
              "#fdca26"
             ],
             [
              1,
              "#f0f921"
             ]
            ],
            "type": "contour"
           }
          ],
          "contourcarpet": [
           {
            "colorbar": {
             "outlinewidth": 0,
             "ticks": ""
            },
            "type": "contourcarpet"
           }
          ],
          "heatmap": [
           {
            "colorbar": {
             "outlinewidth": 0,
             "ticks": ""
            },
            "colorscale": [
             [
              0,
              "#0d0887"
             ],
             [
              0.1111111111111111,
              "#46039f"
             ],
             [
              0.2222222222222222,
              "#7201a8"
             ],
             [
              0.3333333333333333,
              "#9c179e"
             ],
             [
              0.4444444444444444,
              "#bd3786"
             ],
             [
              0.5555555555555556,
              "#d8576b"
             ],
             [
              0.6666666666666666,
              "#ed7953"
             ],
             [
              0.7777777777777778,
              "#fb9f3a"
             ],
             [
              0.8888888888888888,
              "#fdca26"
             ],
             [
              1,
              "#f0f921"
             ]
            ],
            "type": "heatmap"
           }
          ],
          "heatmapgl": [
           {
            "colorbar": {
             "outlinewidth": 0,
             "ticks": ""
            },
            "colorscale": [
             [
              0,
              "#0d0887"
             ],
             [
              0.1111111111111111,
              "#46039f"
             ],
             [
              0.2222222222222222,
              "#7201a8"
             ],
             [
              0.3333333333333333,
              "#9c179e"
             ],
             [
              0.4444444444444444,
              "#bd3786"
             ],
             [
              0.5555555555555556,
              "#d8576b"
             ],
             [
              0.6666666666666666,
              "#ed7953"
             ],
             [
              0.7777777777777778,
              "#fb9f3a"
             ],
             [
              0.8888888888888888,
              "#fdca26"
             ],
             [
              1,
              "#f0f921"
             ]
            ],
            "type": "heatmapgl"
           }
          ],
          "histogram": [
           {
            "marker": {
             "pattern": {
              "fillmode": "overlay",
              "size": 10,
              "solidity": 0.2
             }
            },
            "type": "histogram"
           }
          ],
          "histogram2d": [
           {
            "colorbar": {
             "outlinewidth": 0,
             "ticks": ""
            },
            "colorscale": [
             [
              0,
              "#0d0887"
             ],
             [
              0.1111111111111111,
              "#46039f"
             ],
             [
              0.2222222222222222,
              "#7201a8"
             ],
             [
              0.3333333333333333,
              "#9c179e"
             ],
             [
              0.4444444444444444,
              "#bd3786"
             ],
             [
              0.5555555555555556,
              "#d8576b"
             ],
             [
              0.6666666666666666,
              "#ed7953"
             ],
             [
              0.7777777777777778,
              "#fb9f3a"
             ],
             [
              0.8888888888888888,
              "#fdca26"
             ],
             [
              1,
              "#f0f921"
             ]
            ],
            "type": "histogram2d"
           }
          ],
          "histogram2dcontour": [
           {
            "colorbar": {
             "outlinewidth": 0,
             "ticks": ""
            },
            "colorscale": [
             [
              0,
              "#0d0887"
             ],
             [
              0.1111111111111111,
              "#46039f"
             ],
             [
              0.2222222222222222,
              "#7201a8"
             ],
             [
              0.3333333333333333,
              "#9c179e"
             ],
             [
              0.4444444444444444,
              "#bd3786"
             ],
             [
              0.5555555555555556,
              "#d8576b"
             ],
             [
              0.6666666666666666,
              "#ed7953"
             ],
             [
              0.7777777777777778,
              "#fb9f3a"
             ],
             [
              0.8888888888888888,
              "#fdca26"
             ],
             [
              1,
              "#f0f921"
             ]
            ],
            "type": "histogram2dcontour"
           }
          ],
          "mesh3d": [
           {
            "colorbar": {
             "outlinewidth": 0,
             "ticks": ""
            },
            "type": "mesh3d"
           }
          ],
          "parcoords": [
           {
            "line": {
             "colorbar": {
              "outlinewidth": 0,
              "ticks": ""
             }
            },
            "type": "parcoords"
           }
          ],
          "pie": [
           {
            "automargin": true,
            "type": "pie"
           }
          ],
          "scatter": [
           {
            "fillpattern": {
             "fillmode": "overlay",
             "size": 10,
             "solidity": 0.2
            },
            "type": "scatter"
           }
          ],
          "scatter3d": [
           {
            "line": {
             "colorbar": {
              "outlinewidth": 0,
              "ticks": ""
             }
            },
            "marker": {
             "colorbar": {
              "outlinewidth": 0,
              "ticks": ""
             }
            },
            "type": "scatter3d"
           }
          ],
          "scattercarpet": [
           {
            "marker": {
             "colorbar": {
              "outlinewidth": 0,
              "ticks": ""
             }
            },
            "type": "scattercarpet"
           }
          ],
          "scattergeo": [
           {
            "marker": {
             "colorbar": {
              "outlinewidth": 0,
              "ticks": ""
             }
            },
            "type": "scattergeo"
           }
          ],
          "scattergl": [
           {
            "marker": {
             "colorbar": {
              "outlinewidth": 0,
              "ticks": ""
             }
            },
            "type": "scattergl"
           }
          ],
          "scattermapbox": [
           {
            "marker": {
             "colorbar": {
              "outlinewidth": 0,
              "ticks": ""
             }
            },
            "type": "scattermapbox"
           }
          ],
          "scatterpolar": [
           {
            "marker": {
             "colorbar": {
              "outlinewidth": 0,
              "ticks": ""
             }
            },
            "type": "scatterpolar"
           }
          ],
          "scatterpolargl": [
           {
