{
 "cells": [
  {
   "cell_type": "markdown",
   "id": "06a3c516",
   "metadata": {},
   "source": [
    "![alt text](https://upload.wikimedia.org/wikipedia/commons/2/26/Spotify_logo_with_text.svg) "
   ]
  },
  {
   "cell_type": "markdown",
   "id": "52e8f074",
   "metadata": {},
   "source": [
    "# Analysis of top 2000 Songs (2000-2019) via Spotify dataset\n",
    "- Data Distribution \n",
    "- Top charts/artists comparison\n",
    "- Dynamic/Interactive Visualization\n",
    "- Data Correlation\n"
   ]
  },
  {
   "cell_type": "markdown",
   "id": "895328a1",
   "metadata": {},
   "source": [
    "### Questions I wanted to answer: \n",
    "- Top 25 tracks based on given features? (popularity and danceability were the ones I was most intrigued by)\n",
    "- Top artists based on popularity? \n",
    "- Correlation between: \n",
    "    - Danceability score and Popularity score?\n",
    "    - Energy score and Danceability score?\n",
    "    - Energy score and Loudness score?\n",
    "- Most popular Genres? "
   ]
  },
  {
   "cell_type": "markdown",
   "id": "4bc2b912",
   "metadata": {},
   "source": [
    "### Visualizations used:\n",
    "- correlation matrix\n",
    "- feature distribution\n",
    "- trend-line \n",
    "- Treemap\n",
    "- Boxplot \n",
    "- Scatter plot\n",
    "- Barchart"
   ]
  },
  {
   "cell_type": "markdown",
   "id": "49a36abe",
   "metadata": {},
   "source": [
    "## Download relevant libraries"
   ]
  },
  {
   "cell_type": "code",
   "execution_count": 12,
   "id": "a83a278d",
   "metadata": {},
   "outputs": [
    {
     "data": {
      "text/html": [
       "        <script type=\"text/javascript\">\n",
       "        window.PlotlyConfig = {MathJaxConfig: 'local'};\n",
       "        if (window.MathJax && window.MathJax.Hub && window.MathJax.Hub.Config) {window.MathJax.Hub.Config({SVG: {font: \"STIX-Web\"}});}\n",
       "        if (typeof require !== 'undefined') {\n",
       "        require.undef(\"plotly\");\n",
       "        requirejs.config({\n",
       "            paths: {\n",
       "                'plotly': ['https://cdn.plot.ly/plotly-2.12.1.min']\n",
       "            }\n",
       "        });\n",
       "        require(['plotly'], function(Plotly) {\n",
       "            window._Plotly = Plotly;\n",
       "        });\n",
       "        }\n",
       "        </script>\n",
       "        "
      ]
     },
     "metadata": {},
     "output_type": "display_data"
    }
   ],
   "source": [
    "import pandas as pd\n",
    "import numpy as np\n",
    "import matplotlib.pyplot as plt\n",
    "import plotly.express as px\n",
    "import plotly.graph_objects as go\n",
    "from plotly.subplots import make_subplots\n",
    "from plotly.offline import init_notebook_mode\n",
    "import seaborn as sns\n",
    "import datetime as dt\n",
    "import warnings\n",
    "warnings.filterwarnings('ignore')\n",
    "pd.set_option('display.max_columns',None)\n",
    "init_notebook_mode(connected=True) #enable Plotly charts to be displayed in Jupyter notebook"
   ]
  },
  {
   "cell_type": "markdown",
   "id": "5eb00410",
   "metadata": {},
   "source": [
    "## Dataframe"
   ]
  },
  {
   "cell_type": "code",
   "execution_count": 13,
   "id": "faca654e",
   "metadata": {},
   "outputs": [
    {
     "data": {
      "text/html": [
       "<div>\n",
       "<style scoped>\n",
       "    .dataframe tbody tr th:only-of-type {\n",
       "        vertical-align: middle;\n",
       "    }\n",
       "\n",
       "    .dataframe tbody tr th {\n",
       "        vertical-align: top;\n",
       "    }\n",
       "\n",
       "    .dataframe thead th {\n",
       "        text-align: right;\n",
       "    }\n",
       "</style>\n",
       "<table border=\"1\" class=\"dataframe\">\n",
       "  <thead>\n",
       "    <tr style=\"text-align: right;\">\n",
       "      <th></th>\n",
       "      <th>artist</th>\n",
       "      <th>song</th>\n",
       "      <th>duration_ms</th>\n",
       "      <th>explicit</th>\n",
       "      <th>year</th>\n",
       "      <th>popularity</th>\n",
       "      <th>danceability</th>\n",
       "      <th>energy</th>\n",
       "      <th>key</th>\n",
       "      <th>loudness</th>\n",
       "      <th>mode</th>\n",
       "      <th>speechiness</th>\n",
       "      <th>acousticness</th>\n",
       "      <th>instrumentalness</th>\n",
       "      <th>liveness</th>\n",
       "      <th>valence</th>\n",
       "      <th>tempo</th>\n",
       "      <th>genre</th>\n",
       "    </tr>\n",
       "  </thead>\n",
       "  <tbody>\n",
       "    <tr>\n",
       "      <th>0</th>\n",
       "      <td>Britney Spears</td>\n",
       "      <td>Oops!...I Did It Again</td>\n",
       "      <td>211160</td>\n",
       "      <td>False</td>\n",
       "      <td>2000</td>\n",
       "      <td>77</td>\n",
       "      <td>0.751</td>\n",
       "      <td>0.834</td>\n",
       "      <td>1</td>\n",
       "      <td>-5.444</td>\n",
       "      <td>0</td>\n",
       "      <td>0.0437</td>\n",
       "      <td>0.3000</td>\n",
       "      <td>0.000018</td>\n",
       "      <td>0.3550</td>\n",
       "      <td>0.894</td>\n",
       "      <td>95.053</td>\n",
       "      <td>pop</td>\n",
       "    </tr>\n",
       "    <tr>\n",
       "      <th>1</th>\n",
       "      <td>blink-182</td>\n",
       "      <td>All The Small Things</td>\n",
       "      <td>167066</td>\n",
       "      <td>False</td>\n",
       "      <td>1999</td>\n",
       "      <td>79</td>\n",
       "      <td>0.434</td>\n",
       "      <td>0.897</td>\n",
       "      <td>0</td>\n",
       "      <td>-4.918</td>\n",
       "      <td>1</td>\n",
       "      <td>0.0488</td>\n",
       "      <td>0.0103</td>\n",
       "      <td>0.000000</td>\n",
       "      <td>0.6120</td>\n",
       "      <td>0.684</td>\n",
       "      <td>148.726</td>\n",
       "      <td>rock, pop</td>\n",
       "    </tr>\n",
       "    <tr>\n",
       "      <th>2</th>\n",
       "      <td>Faith Hill</td>\n",
       "      <td>Breathe</td>\n",
       "      <td>250546</td>\n",
       "      <td>False</td>\n",
       "      <td>1999</td>\n",
       "      <td>66</td>\n",
       "      <td>0.529</td>\n",
       "      <td>0.496</td>\n",
       "      <td>7</td>\n",
       "      <td>-9.007</td>\n",
       "      <td>1</td>\n",
       "      <td>0.0290</td>\n",
       "      <td>0.1730</td>\n",
       "      <td>0.000000</td>\n",
       "      <td>0.2510</td>\n",
       "      <td>0.278</td>\n",
       "      <td>136.859</td>\n",
       "      <td>pop, country</td>\n",
       "    </tr>\n",
       "    <tr>\n",
       "      <th>3</th>\n",
       "      <td>Bon Jovi</td>\n",
       "      <td>It's My Life</td>\n",
       "      <td>224493</td>\n",
       "      <td>False</td>\n",
       "      <td>2000</td>\n",
       "      <td>78</td>\n",
       "      <td>0.551</td>\n",
       "      <td>0.913</td>\n",
       "      <td>0</td>\n",
       "      <td>-4.063</td>\n",
       "      <td>0</td>\n",
       "      <td>0.0466</td>\n",
       "      <td>0.0263</td>\n",
       "      <td>0.000013</td>\n",
       "      <td>0.3470</td>\n",
       "      <td>0.544</td>\n",
       "      <td>119.992</td>\n",
       "      <td>rock, metal</td>\n",
       "    </tr>\n",
       "    <tr>\n",
       "      <th>4</th>\n",
       "      <td>*NSYNC</td>\n",
       "      <td>Bye Bye Bye</td>\n",
       "      <td>200560</td>\n",
       "      <td>False</td>\n",
       "      <td>2000</td>\n",
       "      <td>65</td>\n",
       "      <td>0.614</td>\n",
       "      <td>0.928</td>\n",
       "      <td>8</td>\n",
       "      <td>-4.806</td>\n",
       "      <td>0</td>\n",
       "      <td>0.0516</td>\n",
       "      <td>0.0408</td>\n",
       "      <td>0.001040</td>\n",
       "      <td>0.0845</td>\n",
       "      <td>0.879</td>\n",
       "      <td>172.656</td>\n",
       "      <td>pop</td>\n",
       "    </tr>\n",
       "  </tbody>\n",
       "</table>\n",
       "</div>"
      ],
      "text/plain": [
       "           artist                    song  duration_ms  explicit  year  \\\n",
       "0  Britney Spears  Oops!...I Did It Again       211160     False  2000   \n",
       "1       blink-182    All The Small Things       167066     False  1999   \n",
       "2      Faith Hill                 Breathe       250546     False  1999   \n",
       "3        Bon Jovi            It's My Life       224493     False  2000   \n",
       "4          *NSYNC             Bye Bye Bye       200560     False  2000   \n",
       "\n",
       "   popularity  danceability  energy  key  loudness  mode  speechiness  \\\n",
       "0          77         0.751   0.834    1    -5.444     0       0.0437   \n",
       "1          79         0.434   0.897    0    -4.918     1       0.0488   \n",
       "2          66         0.529   0.496    7    -9.007     1       0.0290   \n",
       "3          78         0.551   0.913    0    -4.063     0       0.0466   \n",
       "4          65         0.614   0.928    8    -4.806     0       0.0516   \n",
       "\n",
       "   acousticness  instrumentalness  liveness  valence    tempo         genre  \n",
       "0        0.3000          0.000018    0.3550    0.894   95.053           pop  \n",
       "1        0.0103          0.000000    0.6120    0.684  148.726     rock, pop  \n",
       "2        0.1730          0.000000    0.2510    0.278  136.859  pop, country  \n",
       "3        0.0263          0.000013    0.3470    0.544  119.992   rock, metal  \n",
       "4        0.0408          0.001040    0.0845    0.879  172.656           pop  "
      ]
     },
     "execution_count": 13,
     "metadata": {},
     "output_type": "execute_result"
    }
   ],
   "source": [
    "df = pd.read_csv(\"/Users/Mirzafamily/Downloads/k_spotify.csv\")\n",
    "df.head()"
   ]
  },
  {
   "cell_type": "code",
   "execution_count": 9,
   "id": "955cb310",
   "metadata": {
    "scrolled": false
   },
   "outputs": [
    {
     "name": "stdout",
     "output_type": "stream",
     "text": [
      "<class 'pandas.core.frame.DataFrame'>\n",
      "RangeIndex: 2000 entries, 0 to 1999\n",
      "Data columns (total 18 columns):\n",
      " #   Column            Non-Null Count  Dtype  \n",
      "---  ------            --------------  -----  \n",
      " 0   artist            2000 non-null   object \n",
      " 1   song              2000 non-null   object \n",
      " 2   duration_ms       2000 non-null   int64  \n",
      " 3   explicit          2000 non-null   bool   \n",
      " 4   year              2000 non-null   int64  \n",
      " 5   popularity        2000 non-null   int64  \n",
      " 6   danceability      2000 non-null   float64\n",
      " 7   energy            2000 non-null   float64\n",
      " 8   key               2000 non-null   int64  \n",
      " 9   loudness          2000 non-null   float64\n",
      " 10  mode              2000 non-null   int64  \n",
      " 11  speechiness       2000 non-null   float64\n",
      " 12  acousticness      2000 non-null   float64\n",
      " 13  instrumentalness  2000 non-null   float64\n",
      " 14  liveness          2000 non-null   float64\n",
      " 15  valence           2000 non-null   float64\n",
      " 16  tempo             2000 non-null   float64\n",
      " 17  genre             2000 non-null   object \n",
      "dtypes: bool(1), float64(9), int64(5), object(3)\n",
      "memory usage: 267.7+ KB\n"
     ]
    }
   ],
   "source": [
    "df.info()"
   ]
  },
  {
   "cell_type": "code",
   "execution_count": 14,
   "id": "db0f73e0",
   "metadata": {},
   "outputs": [],
   "source": [
    "df.drop_duplicates(inplace=True) #drop duplicates "
   ]
  },
  {
   "cell_type": "code",
   "execution_count": 15,
   "id": "1c63f981",
   "metadata": {
    "scrolled": true
   },
   "outputs": [
    {
     "data": {
      "text/html": [
       "<div>\n",
       "<style scoped>\n",
       "    .dataframe tbody tr th:only-of-type {\n",
       "        vertical-align: middle;\n",
       "    }\n",
       "\n",
       "    .dataframe tbody tr th {\n",
       "        vertical-align: top;\n",
       "    }\n",
       "\n",
       "    .dataframe thead th {\n",
       "        text-align: right;\n",
       "    }\n",
       "</style>\n",
       "<table border=\"1\" class=\"dataframe\">\n",
       "  <thead>\n",
       "    <tr style=\"text-align: right;\">\n",
       "      <th></th>\n",
       "      <th>duration_ms</th>\n",
       "      <th>year</th>\n",
       "      <th>popularity</th>\n",
       "      <th>danceability</th>\n",
       "      <th>energy</th>\n",
       "      <th>key</th>\n",
       "      <th>loudness</th>\n",
       "      <th>mode</th>\n",
       "      <th>speechiness</th>\n",
       "      <th>acousticness</th>\n",
       "      <th>instrumentalness</th>\n",
       "      <th>liveness</th>\n",
       "      <th>valence</th>\n",
       "      <th>tempo</th>\n",
       "    </tr>\n",
       "  </thead>\n",
       "  <tbody>\n",
       "    <tr>\n",
       "      <th>count</th>\n",
       "      <td>1941.000000</td>\n",
       "      <td>1941.000000</td>\n",
       "      <td>1941.000000</td>\n",
       "      <td>1941.000000</td>\n",
       "      <td>1941.000000</td>\n",
       "      <td>1941.000000</td>\n",
       "      <td>1941.000000</td>\n",
       "      <td>1941.000000</td>\n",
       "      <td>1941.000000</td>\n",
       "      <td>1941.000000</td>\n",
       "      <td>1941.000000</td>\n",
       "      <td>1941.000000</td>\n",
       "      <td>1941.000000</td>\n",
       "      <td>1941.000000</td>\n",
       "    </tr>\n",
       "    <tr>\n",
       "      <th>mean</th>\n",
       "      <td>228594.973725</td>\n",
       "      <td>2009.520350</td>\n",
       "      <td>59.633179</td>\n",
       "      <td>0.667814</td>\n",
       "      <td>0.721549</td>\n",
       "      <td>5.369397</td>\n",
       "      <td>-5.514082</td>\n",
       "      <td>0.553323</td>\n",
       "      <td>0.103783</td>\n",
       "      <td>0.128173</td>\n",
       "      <td>0.015372</td>\n",
       "      <td>0.181726</td>\n",
       "      <td>0.552966</td>\n",
       "      <td>120.158442</td>\n",
       "    </tr>\n",
       "    <tr>\n",
       "      <th>std</th>\n",
       "      <td>39249.796103</td>\n",
       "      <td>5.875532</td>\n",
       "      <td>21.501053</td>\n",
       "      <td>0.140608</td>\n",
       "      <td>0.152872</td>\n",
       "      <td>3.615270</td>\n",
       "      <td>1.938950</td>\n",
       "      <td>0.497277</td>\n",
       "      <td>0.096148</td>\n",
       "      <td>0.172584</td>\n",
       "      <td>0.088371</td>\n",
       "      <td>0.140910</td>\n",
       "      <td>0.220845</td>\n",
       "      <td>26.990475</td>\n",
       "    </tr>\n",
       "    <tr>\n",
       "      <th>min</th>\n",
       "      <td>113000.000000</td>\n",
       "      <td>1998.000000</td>\n",
       "      <td>0.000000</td>\n",
       "      <td>0.129000</td>\n",
       "      <td>0.054900</td>\n",
       "      <td>0.000000</td>\n",
       "      <td>-20.514000</td>\n",
       "      <td>0.000000</td>\n",
       "      <td>0.023200</td>\n",
       "      <td>0.000019</td>\n",
       "      <td>0.000000</td>\n",
       "      <td>0.021500</td>\n",
       "      <td>0.038100</td>\n",
       "      <td>60.019000</td>\n",
       "    </tr>\n",
       "    <tr>\n",
       "      <th>25%</th>\n",
       "      <td>203506.000000</td>\n",
       "      <td>2004.000000</td>\n",
       "      <td>56.000000</td>\n",
       "      <td>0.581000</td>\n",
       "      <td>0.624000</td>\n",
       "      <td>2.000000</td>\n",
       "      <td>-6.490000</td>\n",
       "      <td>0.000000</td>\n",
       "      <td>0.039700</td>\n",
       "      <td>0.013500</td>\n",
       "      <td>0.000000</td>\n",
       "      <td>0.088400</td>\n",
       "      <td>0.390000</td>\n",
       "      <td>98.986000</td>\n",
       "    </tr>\n",
       "    <tr>\n",
       "      <th>50%</th>\n",
       "      <td>223186.000000</td>\n",
       "      <td>2010.000000</td>\n",
       "      <td>65.000000</td>\n",
       "      <td>0.676000</td>\n",
       "      <td>0.739000</td>\n",
       "      <td>6.000000</td>\n",
       "      <td>-5.285000</td>\n",
       "      <td>1.000000</td>\n",
       "      <td>0.061000</td>\n",
       "      <td>0.055800</td>\n",
       "      <td>0.000000</td>\n",
       "      <td>0.124000</td>\n",
       "      <td>0.560000</td>\n",
       "      <td>120.028000</td>\n",
       "    </tr>\n",
       "    <tr>\n",
       "      <th>75%</th>\n",
       "      <td>247946.000000</td>\n",
       "      <td>2015.000000</td>\n",
       "      <td>73.000000</td>\n",
       "      <td>0.765000</td>\n",
       "      <td>0.840000</td>\n",
       "      <td>8.000000</td>\n",
       "      <td>-4.168000</td>\n",
       "      <td>1.000000</td>\n",
       "      <td>0.129000</td>\n",
       "      <td>0.176000</td>\n",
       "      <td>0.000069</td>\n",
       "      <td>0.242000</td>\n",
       "      <td>0.731000</td>\n",
       "      <td>134.199000</td>\n",
       "    </tr>\n",
       "    <tr>\n",
       "      <th>max</th>\n",
       "      <td>484146.000000</td>\n",
       "      <td>2020.000000</td>\n",
       "      <td>89.000000</td>\n",
       "      <td>0.975000</td>\n",
       "      <td>0.999000</td>\n",
       "      <td>11.000000</td>\n",
       "      <td>-0.276000</td>\n",
       "      <td>1.000000</td>\n",
       "      <td>0.576000</td>\n",
       "      <td>0.976000</td>\n",
       "      <td>0.985000</td>\n",
       "      <td>0.853000</td>\n",
       "      <td>0.973000</td>\n",
       "      <td>210.851000</td>\n",
       "    </tr>\n",
       "  </tbody>\n",
       "</table>\n",
       "</div>"
      ],
      "text/plain": [
       "         duration_ms         year   popularity  danceability       energy  \\\n",
       "count    1941.000000  1941.000000  1941.000000   1941.000000  1941.000000   \n",
       "mean   228594.973725  2009.520350    59.633179      0.667814     0.721549   \n",
       "std     39249.796103     5.875532    21.501053      0.140608     0.152872   \n",
       "min    113000.000000  1998.000000     0.000000      0.129000     0.054900   \n",
       "25%    203506.000000  2004.000000    56.000000      0.581000     0.624000   \n",
       "50%    223186.000000  2010.000000    65.000000      0.676000     0.739000   \n",
       "75%    247946.000000  2015.000000    73.000000      0.765000     0.840000   \n",
       "max    484146.000000  2020.000000    89.000000      0.975000     0.999000   \n",
       "\n",
       "               key     loudness         mode  speechiness  acousticness  \\\n",
       "count  1941.000000  1941.000000  1941.000000  1941.000000   1941.000000   \n",
       "mean      5.369397    -5.514082     0.553323     0.103783      0.128173   \n",
       "std       3.615270     1.938950     0.497277     0.096148      0.172584   \n",
       "min       0.000000   -20.514000     0.000000     0.023200      0.000019   \n",
       "25%       2.000000    -6.490000     0.000000     0.039700      0.013500   \n",
       "50%       6.000000    -5.285000     1.000000     0.061000      0.055800   \n",
       "75%       8.000000    -4.168000     1.000000     0.129000      0.176000   \n",
       "max      11.000000    -0.276000     1.000000     0.576000      0.976000   \n",
       "\n",
       "       instrumentalness     liveness      valence        tempo  \n",
       "count       1941.000000  1941.000000  1941.000000  1941.000000  \n",
       "mean           0.015372     0.181726     0.552966   120.158442  \n",
       "std            0.088371     0.140910     0.220845    26.990475  \n",
       "min            0.000000     0.021500     0.038100    60.019000  \n",
       "25%            0.000000     0.088400     0.390000    98.986000  \n",
       "50%            0.000000     0.124000     0.560000   120.028000  \n",
       "75%            0.000069     0.242000     0.731000   134.199000  \n",
       "max            0.985000     0.853000     0.973000   210.851000  "
      ]
     },
     "execution_count": 15,
     "metadata": {},
     "output_type": "execute_result"
    }
   ],
   "source": [
    "#general\n",
    "df.describe()"
   ]
  },
  {
   "cell_type": "markdown",
   "id": "0d49de25",
   "metadata": {},
   "source": [
    "## Correlation Matrix Plot"
   ]
  },
  {
   "cell_type": "code",
   "execution_count": 16,
   "id": "75e9d68a",
   "metadata": {},
   "outputs": [
    {
     "data": {
      "application/vnd.plotly.v1+json": {
       "config": {
        "plotlyServerURL": "https://plot.ly"
       },
       "data": [
        {
         "coloraxis": "coloraxis",
         "hovertemplate": "x: %{x}<br>y: %{y}<br>color: %{z}<extra></extra>",
         "name": "0",
         "texttemplate": "%{z}",
         "type": "heatmap",
         "x": [
          "duration_ms",
          "explicit",
          "year",
          "popularity",
          "danceability",
          "energy",
          "key",
          "loudness",
          "mode",
          "speechiness",
          "acousticness",
          "instrumentalness",
          "liveness",
          "valence",
          "tempo"
         ],
         "xaxis": "x",
         "y": [
          "duration_ms",
          "explicit",
          "year",
          "popularity",
          "danceability",
          "energy",
          "key",
          "loudness",
          "mode",
          "speechiness",
          "acousticness",
          "instrumentalness",
          "liveness",
          "valence",
          "tempo"
         ],
         "yaxis": "y",
         "z": [
          [
           1,
           0.11960752260317699,
           -0.31883529080892875,
           0.04814011132339965,
           -0.06008266496845981,
           -0.08298181930123188,
           -0.0013531992909690937,
           -0.08622556025434544,
           -0.004094759150644529,
           0.06253836417434673,
           0.009960058454020305,
           -0.006409058011676422,
           0.02254910716820875,
           -0.1164234722990256,
           -0.0337616986918257
          ],
          [
           0.11960752260317699,
           1,
           0.0773606500385742,
           0.04730791660849555,
           0.24379917513439,
           -0.1642117954221189,
           0.001795121025421612,
           -0.09126505919498326,
           0.0506527725526691,
           0.4154452368762933,
           -0.028031831624940138,
           -0.08260545926963375,
           0.008237889198587409,
           -0.04539709073158264,
           0.014649849559723276
          ],
          [
           -0.31883529080892875,
           0.0773606500385742,
           1,
           -0.007293566479355987,
           0.035444470562668216,
           -0.11026515723572888,
           0.008588191178256542,
           0.017228088432149784,
           -0.0072079472947071095,
           0.0031457693166413027,
           0.04069806673877784,
           -0.05149006194529913,
           -0.026418126060152137,
           -0.2084098215891185,
           0.07779791057382612
          ],
          [
           0.04814011132339965,
           0.04730791660849555,
           -0.007293566479355987,
           1,
           -0.0001432931106017028,
           -0.013403867929276557,
           0.01356105354891734,
           0.030440651145451594,
           -0.019430419480122613,
           0.021977484821040512,
           0.022501025426308902,
           -0.048103850659613555,
           -0.010290799158617204,
           -0.011012393624998435,
           0.011056633656083345
          ],
          [
           -0.06008266496845981,
           0.24379917513439,
           0.035444470562668216,
           -0.0001432931106017028,
           1,
           -0.10320365945796142,
           0.03574660177156321,
           -0.035638259934246984,
           -0.06864317012700955,
           0.1409545098027524,
           -0.0623737036934367,
           0.02166166367268834,
           -0.12734890086993447,
           0.4037868012785081,
           -0.16907373794931338
          ],
          [
           -0.08298181930123188,
           -0.1642117954221189,
           -0.11026515723572888,
           -0.013403867929276557,
           -0.10320365945796142,
           1,
           -0.0006417816774622549,
           0.6519860534497357,
           -0.04417742229701067,
           -0.058225337487540815,
           -0.44705610223223347,
           0.0406615045020248,
           0.1539215975129806,
           0.33175571385471625,
           0.15230460026492323
          ],
          [
           -0.0013531992909690937,
           0.001795121025421612,
           0.008588191178256542,
           0.01356105354891734,
           0.03574660177156321,
           -0.0006417816774622549,
           1,
           -0.0052293946123361705,
           -0.15331906442549487,
           0.0037686741823602164,
           0.0007191179179343459,
           -0.004052836828174219,
           -0.040826801937080236,
           0.03544052841363351,
           -0.009851515089508055
          ],
          [
           -0.08622556025434544,
           -0.09126505919498326,
           0.017228088432149784,
           0.030440651145451594,
           -0.035638259934246984,
           0.6519860534497357,
           -0.0052293946123361705,
           1,
           -0.02756825715028902,
           -0.08183144659225478,
           -0.31207921929758564,
           -0.10357450689909523,
           0.10197224684759644,
           0.2282499170148388,
           0.08165533856657518
          ],
          [
           -0.004094759150644529,
           0.0506527725526691,
           -0.0072079472947071095,
           -0.019430419480122613,
           -0.06864317012700955,
           -0.04417742229701067,
           -0.15331906442549487,
           -0.02756825715028902,
           1,
           0.002191810595582206,
           0.009210056174486314,
           -0.03643281535255943,
           0.028334471045107182,
           -0.08027922045722392,
           0.04744460455197023
          ],
          [
           0.06253836417434673,
           0.4154452368762933,
           0.0031457693166413027,
           0.021977484821040512,
           0.1409545098027524,
           -0.058225337487540815,
           0.0037686741823602164,
           -0.08183144659225478,
           0.002191810595582206,
           1,
           0.0029262694398495626,
           -0.06240110720213883,
           0.056531616063973986,
           0.0692470801723891,
           0.06319224878888119
          ],
          [
           0.009960058454020305,
           -0.028031831624940138,
           0.04069806673877784,
           0.022501025426308902,
           -0.0623737036934367,
           -0.44705610223223347,
           0.0007191179179343459,
           -0.31207921929758564,
           0.009210056174486314,
           0.0029262694398495626,
           1,
           -0.0032202909389592205,
           -0.10776594429979315,
           -0.12612918266841905,
           -0.10553282023632397
          ],
          [
           -0.006409058011676422,
           -0.08260545926963375,
           -0.05149006194529913,
           -0.048103850659613555,
           0.02166166367268834,
           0.0406615045020248,
           -0.004052836828174219,
           -0.10357450689909523,
           -0.03643281535255943,
           -0.06240110720213883,
           -0.0032202909389592205,
           1,
           -0.034817809067912424,
           -0.010660088991713357,
           0.03544230282768473
          ],
          [
           0.02254910716820875,
           0.008237889198587409,
           -0.026418126060152137,
           -0.010290799158617204,
           -0.12734890086993447,
           0.1539215975129806,
           -0.040826801937080236,
           0.10197224684759644,
           0.028334471045107182,
           0.056531616063973986,
           -0.10776594429979315,
           -0.034817809067912424,
           1,
           0.014736825093137654,
           0.027449038281677832
          ],
          [
           -0.1164234722990256,
           -0.04539709073158264,
           -0.2084098215891185,
           -0.011012393624998435,
           0.4037868012785081,
           0.33175571385471625,
           0.03544052841363351,
           0.2282499170148388,
           -0.08027922045722392,
           0.0692470801723891,
           -0.12612918266841905,
           -0.010660088991713357,
           0.014736825093137654,
           1,
           -0.023972692433184478
          ],
          [
           -0.0337616986918257,
           0.014649849559723276,
           0.07779791057382612,
           0.011056633656083345,
           -0.16907373794931338,
           0.15230460026492323,
           -0.009851515089508055,
           0.08165533856657518,
           0.04744460455197023,
           0.06319224878888119,
           -0.10553282023632397,
           0.03544230282768473,
           0.027449038281677832,
           -0.023972692433184478,
           1
          ]
         ]
        }
       ],
       "layout": {
        "coloraxis": {
         "colorscale": [
          [
           0,
           "rgb(247,251,255)"
          ],
          [
           0.125,
           "rgb(222,235,247)"
          ],
          [
           0.25,
           "rgb(198,219,239)"
          ],
          [
           0.375,
           "rgb(158,202,225)"
          ],
          [
           0.5,
           "rgb(107,174,214)"
          ],
          [
           0.625,
           "rgb(66,146,198)"
          ],
          [
           0.75,
           "rgb(33,113,181)"
          ],
          [
           0.875,
           "rgb(8,81,156)"
          ],
          [
           1,
           "rgb(8,48,107)"
          ]
         ]
        },
        "height": 800,
        "template": {
         "data": {
          "bar": [
           {
            "error_x": {
             "color": "#2a3f5f"
            },
            "error_y": {
             "color": "#2a3f5f"
            },
            "marker": {
             "line": {
              "color": "#E5ECF6",
              "width": 0.5
             },
             "pattern": {
              "fillmode": "overlay",
              "size": 10,
              "solidity": 0.2
             }
            },
            "type": "bar"
           }
          ],
          "barpolar": [
           {
            "marker": {
             "line": {
              "color": "#E5ECF6",
              "width": 0.5
             },
             "pattern": {
              "fillmode": "overlay",
              "size": 10,
              "solidity": 0.2
             }
            },
            "type": "barpolar"
           }
          ],
          "carpet": [
           {
            "aaxis": {
             "endlinecolor": "#2a3f5f",
             "gridcolor": "white",
             "linecolor": "white",
             "minorgridcolor": "white",
             "startlinecolor": "#2a3f5f"
            },
            "baxis": {
             "endlinecolor": "#2a3f5f",
             "gridcolor": "white",
             "linecolor": "white",
             "minorgridcolor": "white",
             "startlinecolor": "#2a3f5f"
            },
            "type": "carpet"
           }
          ],
          "choropleth": [
           {
            "colorbar": {
             "outlinewidth": 0,
             "ticks": ""
            },
            "type": "choropleth"
           }
          ],
          "contour": [
           {
            "colorbar": {
             "outlinewidth": 0,
             "ticks": ""
            },
            "colorscale": [
             [
              0,
              "#0d0887"
             ],
             [
              0.1111111111111111,
              "#46039f"
             ],
             [
              0.2222222222222222,
              "#7201a8"
             ],
             [
              0.3333333333333333,
              "#9c179e"
             ],
             [
              0.4444444444444444,
              "#bd3786"
             ],
             [
              0.5555555555555556,
              "#d8576b"
             ],
             [
              0.6666666666666666,
              "#ed7953"
             ],
             [
              0.7777777777777778,
              "#fb9f3a"
             ],
             [
              0.8888888888888888,
              "#fdca26"
             ],
             [
              1,
              "#f0f921"
             ]
            ],
            "type": "contour"
           }
          ],
          "contourcarpet": [
           {
            "colorbar": {
             "outlinewidth": 0,
             "ticks": ""
            },
            "type": "contourcarpet"
           }
          ],
          "heatmap": [
           {
            "colorbar": {
             "outlinewidth": 0,
             "ticks": ""
            },
            "colorscale": [
             [
              0,
              "#0d0887"
             ],
             [
              0.1111111111111111,
              "#46039f"
             ],
             [
              0.2222222222222222,
              "#7201a8"
             ],
             [
              0.3333333333333333,
              "#9c179e"
             ],
             [
              0.4444444444444444,
              "#bd3786"
             ],
             [
              0.5555555555555556,
              "#d8576b"
             ],
             [
              0.6666666666666666,
              "#ed7953"
             ],
             [
              0.7777777777777778,
              "#fb9f3a"
             ],
             [
              0.8888888888888888,
              "#fdca26"
             ],
             [
              1,
              "#f0f921"
             ]
            ],
            "type": "heatmap"
           }
          ],
          "heatmapgl": [
           {
            "colorbar": {
             "outlinewidth": 0,
             "ticks": ""
            },
            "colorscale": [
             [
              0,
              "#0d0887"
             ],
             [
              0.1111111111111111,
              "#46039f"
             ],
             [
              0.2222222222222222,
              "#7201a8"
             ],
             [
              0.3333333333333333,
              "#9c179e"
             ],
             [
              0.4444444444444444,
              "#bd3786"
             ],
             [
              0.5555555555555556,
              "#d8576b"
             ],
             [
              0.6666666666666666,
              "#ed7953"
             ],
             [
              0.7777777777777778,
              "#fb9f3a"
             ],
             [
              0.8888888888888888,
              "#fdca26"
             ],
             [
              1,
              "#f0f921"
             ]
            ],
            "type": "heatmapgl"
           }
          ],
          "histogram": [
           {
            "marker": {
             "pattern": {
              "fillmode": "overlay",
              "size": 10,
              "solidity": 0.2
             }
            },
            "type": "histogram"
           }
          ],
          "histogram2d": [
           {
            "colorbar": {
             "outlinewidth": 0,
             "ticks": ""
            },
            "colorscale": [
             [
              0,
              "#0d0887"
             ],
             [
              0.1111111111111111,
              "#46039f"
             ],
             [
              0.2222222222222222,
              "#7201a8"
             ],
             [
              0.3333333333333333,
              "#9c179e"
             ],
             [
              0.4444444444444444,
              "#bd3786"
             ],
             [
              0.5555555555555556,
              "#d8576b"
             ],
             [
              0.6666666666666666,
              "#ed7953"
             ],
             [
              0.7777777777777778,
              "#fb9f3a"
             ],
             [
              0.8888888888888888,
              "#fdca26"
             ],
             [
              1,
              "#f0f921"
             ]
            ],
            "type": "histogram2d"
           }
          ],
          "histogram2dcontour": [
           {
            "colorbar": {
             "outlinewidth": 0,
             "ticks": ""
            },
            "colorscale": [
             [
              0,
              "#0d0887"
             ],
             [
              0.1111111111111111,
              "#46039f"
             ],
             [
              0.2222222222222222,
              "#7201a8"
             ],
             [
              0.3333333333333333,
              "#9c179e"
             ],
             [
              0.4444444444444444,
              "#bd3786"
             ],
             [
              0.5555555555555556,
              "#d8576b"
             ],
             [
              0.6666666666666666,
              "#ed7953"
             ],
             [
              0.7777777777777778,
              "#fb9f3a"
             ],
             [
              0.8888888888888888,
              "#fdca26"
             ],
             [
              1,
              "#f0f921"
             ]
            ],
            "type": "histogram2dcontour"
           }
          ],
          "mesh3d": [
           {
            "colorbar": {
             "outlinewidth": 0,
             "ticks": ""
            },
            "type": "mesh3d"
           }
          ],
          "parcoords": [
           {
            "line": {
             "colorbar": {
              "outlinewidth": 0,
              "ticks": ""
             }
            },
            "type": "parcoords"
           }
          ],
          "pie": [
           {
            "automargin": true,
            "type": "pie"
           }
          ],
          "scatter": [
           {
            "fillpattern": {
             "fillmode": "overlay",
             "size": 10,
             "solidity": 0.2
            },
            "type": "scatter"
           }
          ],
          "scatter3d": [
           {
            "line": {
             "colorbar": {
              "outlinewidth": 0,
              "ticks": ""
             }
            },
            "marker": {
             "colorbar": {
              "outlinewidth": 0,
              "ticks": ""
             }
            },
            "type": "scatter3d"
           }
          ],
          "scattercarpet": [
           {
            "marker": {
             "colorbar": {
              "outlinewidth": 0,
              "ticks": ""
             }
            },
            "type": "scattercarpet"
           }
          ],
          "scattergeo": [
           {
            "marker": {
             "colorbar": {
              "outlinewidth": 0,
              "ticks": ""
             }
            },
            "type": "scattergeo"
           }
          ],
          "scattergl": [
           {
            "marker": {
             "colorbar": {
              "outlinewidth": 0,
              "ticks": ""
             }
            },
            "type": "scattergl"
           }
          ],
          "scattermapbox": [
           {
            "marker": {
             "colorbar": {
              "outlinewidth": 0,
              "ticks": ""
             }
            },
            "type": "scattermapbox"
           }
          ],
          "scatterpolar": [
           {
            "marker": {
             "colorbar": {
              "outlinewidth": 0,
              "ticks": ""
             }
            },
            "type": "scatterpolar"
           }
          ],
